Percent of pixels belonging to each individual class across whole dataset with 19 classes
Road:          0.18449321239851604       5.420253754
Sidewalk:      0.19310850112419536       5.178435802
Building:      0.2929401742283749        3.413666248
Wall:          0.0026926335692539203     371.383636475
Fence:         0.0026790478679661295     373.266937256
Pole:          0.010384203636793135      96.300109863
Traffic_light: 0.0003893244112192055     2568.552001953
Traffic_sign:  0.0010127266981033011     987.433227539
Vegetation:    0.103087336510533         9.700512886
Terrain:       0.0                       0.0
sky:           0.06850084894229426       14.598360062
Pedestrian:    0.042455393074608216      23.554132462 # called Person in Cityscapes
Rider:         0.0046920743149845776     213.125350952
Car:           0.04058912855193169       24.637140274
Truck:         0.0                       0.0
Bus:           0.015276061423922167      65.461898804
Train:         0.0                       0.0
Motorcycle:    0.0020701608211436107     483.054260254
Bicycle:       0.0021936399863521855     455.863311768
ignore_index:  0.033435532439809575


Percent of pixels belonging to each individual class across whole dataset with 16 classes
Road:          0.18449321239851604       5.420253607162208
Sidewalk:      0.19310850112419536       5.1784359268412645
Building:      0.2929401742283749        3.4136662976803045
Wall:          0.0026926335692539203     371.3836191521157
Fence:         0.0026790478679661295     373.2669400786693
Pole:          0.010384203636793135      96.30011457564419
Traffic_light: 0.0003893244112192055     2568.5520126220886
Traffic_sign:  0.0010127266981033011     987.4332353169552
Vegetation:    0.103087336510533         9.70051253480416
sky:           0.06850084894229426       14.598359223874862
Pedestrian:    0.042455393074608216      23.554133587755697
Rider:         0.0046920743149845776     213.12535413311903
Car:           0.04058912855193169       24.637138950163756
Bus:           0.015276061423922167      65.46189965130733
Motorcycle:    0.0020701608211436107     483.0542582907032
Bicycle:       0.0021936399863521855     455.86331678011794
ignore_index:  0.033435532439809575

