Percent of pixels belonging to each individual class across validation dataset of cityscapes semantic with 19 and inverse square root weight
road:          0.32926983070373533       3.0370228510
sidewalk:      0.0472723503112793        21.15401484
building:      0.19169371414184572       5.2166551443
wall:          0.006407084465026855      156.07723068
fence:         0.007173291206359863      139.40602315
pole:          0.013011773109436036      76.853476585
traffic_light: 0.0017246179580688477     579.83856385
traffic_sign:  0.005815861701965332      171.94356593
vegetation:    0.15150833892822266       6.6002967696
terrain:       0.007271791458129883      137.51769502
sky:           0.029340121269226076      34.083022044
person:        0.011361526489257813      88.016341901
rider:         0.0018840751647949219     530.76438705
car:           0.056964127540588376      17.55490768
truck:         0.0026323423385620115     379.88979828
bus:           0.0033980560302734374     294.28590673
train:         0.000983856201171875      1016.4086975
motorcycle:    0.0006956243515014648     1437.5574947
bicycle:       0.006203150749206543      161.20839883
ignore_index:  0.12538846588134767


Percent of pixels belonging to each individual class across training dataset of cityscapes semantic with 19 classes and inverse probability as weight for training
road:          0.32639968695760774       3.063728571
sidewalk:      0.05386910206129571       18.563516617
building:      0.2020565193240382        4.949110508
wall:          0.005802106136033515      172.351211548
fence:         0.007766301451610918      128.761428833
pole:          0.010945516954950926      91.361610413
traffic_light: 0.0018395637063419118     543.607177734
traffic_sign:  0.004880278931946314      204.906326294
vegetation:    0.1410130072842125        7.091544151
terrain:       0.010249921013327206      97.561729431
sky:           0.03557920792523552       28.106302261
person:        0.010791173341895352      92.668327332
rider:         0.0011962060367359834     835.976379395
car:           0.06192123765705013       16.149547577
truck:         0.002367729379349396      422.345581055
bus:           0.002082101837927554      480.283935547
train:         0.002061852687547187      485.000701904
motorcycle:    0.0008733976989233193     1144.953857422
bicycle:       0.003664230378735967      272.908599854
ignore_index:  0.11464085923523462


Percent of pixels belonging to each individual class across training dataset of cityscapes semantic with 16 classes and inverse probability as weight for training
road:          0.32639968695760774       3.063728571
sidewalk:      0.05386910206129571       18.563516617
building:      0.2020565193240382        4.949110508
wall:          0.005802106136033515      172.351211548
fence:         0.007766301451610918      128.761428833
pole:          0.010945516954950926      91.361610413
traffic_light: 0.0018395637063419118     543.607177734
traffic_sign:  0.004880278931946314      204.906326294
vegetation:    0.1410130072842125        7.091544151
sky:           0.03557920792523552       28.106302261
person:        0.010791173341895352      92.668327332
rider:         0.0011962060367359834     835.976379395
car:           0.06192123765705013       16.149547577
bus:           0.002082101837927554      480.283935547
motorcycle:    0.0008733976989233193     1144.953857422
bicycle:       0.003664230378735967      272.908599854
ignore_index:  0.1293203623154584

